2.929123229952491636e-01
9.361041317636413506e-02
6.648810611767391743e-02
-2.472690996784992212e-01
-1.862364941122862383e-01
1.227405835764438374e-02
-1.210420105110482196e-02
-8.572413929392572185e-02
2.835278565221907576e-01
-1.029871590537051983e-02
1.334013400958992124e-01
-1.227429374060794026e-01
-9.068843853728804361e-02
-4.883868264112544710e-01
1.084278816436815562e-01
2.021570730314445896e-01
4.124102436110809074e-03
-2.285028672012488771e-01
-9.794470787277385904e-02
-6.082915922335679210e-02
4.359468739562016859e-02
-1.329355796752186847e-01
3.028368933662657961e-04
-6.294870218163092779e-02
4.618954745432345965e-01
-4.104030140420256156e-02
-1.279138646905471077e-01
2.794105370761444385e-01
-1.232804949683665996e-01
-2.545234286004748048e-02
2.183316918985948596e-01
1.470125432616707639e-02
